4
14 0 0 1 0 0 2 0 0 6 12 3 7 0 4 16
0 5 0 7 9 14 0 11 13 16 0 0 10 12 15 0
0 0 0 0 0 0 15 10 0 0 1 0 0 13 9 2
0 0 0 0 12 6 0 3 0 0 7 10 8 0 0 0
0 0 3 0 0 16 0 0 15 4 0 2 0 14 0 0
0 0 11 0 0 0 0 5 1 3 0 0 4 9 0 8
0 0 8 0 11 3 0 1 16 0 14 5 0 0 13 15
16 0 0 15 0 0 0 12 8 10 0 0 0 5 0 1
13 0 2 0 0 0 9 14 5 0 0 0 1 0 0 4
3 1 0 0 0 2 0 4 0 0 9 15 0 6 0 0
5 0 7 4 0 0 8 0 0 0 0 0 0 3 0 0
0 0 15 0 6 0 11 7 0 0 3 0 0 2 0 0
0 0 0 2 4 8 0 0 6 0 5 0 0 0 0 0
10 16 13 0 0 0 0 0 7 14 0 0 0 0 0 0
0 3 5 14 0 0 6 0 0 0 16 9 11 0 2 0
4 7 0 6 14 10 12 0 0 8 0 0 13 0 0 9
